1.0606735358940207  1.7492773175232377
1.0602279491194067  1.7500894653879202
1.0597918057646893  1.7509484856579314
1.0593651494533125  1.751853369598025
1.0589480238087186  1.752803108472951
1.0585404724543521  1.7537966935474625
1.058142539013656  1.7548331160863115
1.0577542671100741  1.755911367354249
1.0573757003670499  1.757030438616028
1.0570068824080265  1.7581893211363988
1.0566478568564484  1.7593870061801156
1.0562986673357577  1.7606224850119283
1.0559593574693988  1.76189474889659
1.0556299708808152  1.7632027890988522
1.0553105511934495  1.7645455968834665
1.0550011420307468  1.7659221635151854
1.0547017870161488  1.7673314802587599
1.0544125297731006  1.7687725383789432
1.0541334139250444  1.7702443291404857
1.053864483095425  1.7717458438081413
1.0536057809076846  1.7732760736466606
1.0533573509852672  1.7748340099207944
1.0531192369516167  1.7764186438952971
1.052891482430176  1.7780289668349183
1.052674131044389  1.779663970004412
1.0524672264176989  1.7813226446685284
1.05227081217355  1.783003982092021
1.0520849319353847  1.7847069735396401
1.0519096293266468  1.7864306102761383
1.0517449479707799  1.7881738835662673
1.0515909314912282  1.78993578467478
1.0514476235114338  1.791715304866427
1.051315067654841  1.7935114354059607
1.0511933075448936  1.7953231675581334
1.051082386805035  1.7971494925876967
1.0509823490587078  1.7989894017594024
1.0508932379293565  1.8008418863380018
1.0508150970404244  1.8027059375882486
1.0507479700153544  1.8045805467748925
1.0506919004775905  1.806464705162687
1.0506469320505767  1.8083574040163841
1.0506131083577555  1.8102576346007346
1.0505904730225706  1.8121643881804907
1.0505790696684663  1.8140766560204051
1.0505789419188853  1.8159934293852291
1.050590133397271  1.8179136995397143
1.0506126877270676  1.8198364577486128
1.0506466485317183  1.8217606952766774
1.0506920594346663  1.823685403388659
1.050748964059355  1.8256095733493092
1.050817406029229  1.8275321964233813
1.0508974289677306  1.8294522638756265
1.0509890764983036  1.831368766970796
1.0510923922443918  1.8332806969736426
1.0512074198294385  1.835187045148918
1.0513342028768873  1.837086802761374
1.0514727850101817  1.8389789610757628
1.0516232098527647  1.8408625113568358
1.0517855210280804  1.842736444869345
1.0519597621595722  1.844599752878043
1.0521459768706833  1.8464514266476808
1.0523442087848576  1.848290457443011
1.0525545015255384  1.8501158365287846
1.0527768987161692  1.851926555169755
1.0530114439801932  1.8537216046306726
1.0532581809410546  1.8554999761762905
1.053517153222196  1.8572606610713596
1.053788404447062  1.8590026505806323
1.054071978239095  1.8607249359688605
1.0543679182217394  1.8624265085007963
1.054676268018438  1.864106359441191
1.0549970712526346  1.865763480054797
1.0553303715477729  1.8673968616063665
1.055676212527296  1.8690054953606507
1.0560346378146477  1.870588372582402
1.0564056910332713  1.872144484536372
1.0567894158066105  1.873672822487313
1.0571858557581084  1.8751723776999762
1.057595054511209  1.8766421414391141
1.0580170556893556  1.8780811049694786
1.0584519029159916  1.8794882595558215
1.0588996398145603  1.8808625964628944
1.0593603100085058  1.88220310695545
1.0598339571212712  1.883508782298239
1.0603206247763  1.8847786137560147
1.0608203565970358  1.886011592593528
1.0613331962069221  1.887206710075531
1.0618591872294023  1.8883629574667762
1.06239837328792  1.8894793260320146
1.0629507980059185  1.8905548070359988
1.0635165050068416  1.8915883917434801
1.0640955379141328  1.8925790714192114
1.0646879403512353  1.8935258373279433
1.0652937559415925  1.8944276807344287
1.0659130283086484  1.8952835929034193
1.0665458010758462  1.896092565099667
1.0671921178666297  1.8968535885879234
1.0678520223044419  1.8975656546329407
1.0685255580127264  1.8982277544994708
1.069212768614927  1.8988388794522655
1.069212768614927  1.8988388794522655
1.0713064755091755  1.9004842634521197
1.0735217491464386  1.9019946514239956
1.0758562133941887  1.903372471544581
1.0783074921198956  1.9046201519905606
1.0808732091910314  1.9057401209386216
1.083550988475066  1.9067348065654501
1.0863384538394707  1.9076066370477316
1.089233229151717  1.9083580405621534
1.092232938279275  1.9089914452854
1.0953352050896168  1.9095092793941597
1.0985376534502123  1.9099139710651172
1.1018379072285331  1.9102079484749597
1.1052335902920503  1.9103936398003725
1.1087223265082342  1.9104734732180417
1.1123017397445565  1.9104498769046552
1.1159694538684872  1.9103252790368965
1.1197230927474986  1.9101021077914546
1.1235602802490607  1.9097827913450134
1.1274786402406454  1.9093697578742614
1.131475796589723  1.9088654355558832
1.135549373163764  1.9082722525665645
1.1396969938302406  1.907592637082993
1.1439162824566225  1.9068290172818534
1.1482048629103816  1.905983821339834
1.1525603590589883  1.9050594774336185
1.1569803947699149  1.9040584137398955
1.1614625939106307  1.9029830584353495
1.1660045803486074  1.901835839696667
1.1706039779513158  1.9006191857005348
1.1752584105862274  1.899335524623639
1.1799655021208124  1.8979872846426649
1.184722876422542  1.896576893934299
1.1895281573588878  1.8951067806752289
1.1943789687973208  1.8935793730421402
1.1992729346053106  1.8919970992117174
1.2042076786503293  1.8903623873606485
1.2091808247998483  1.8886776656656197
1.2141899969213372  1.8869453623033159
1.2192328188822679  1.8851679054504238
1.2243069145501115  1.8833477232836306
1.229409907792339  1.8814872439796222
1.2345394224764203  1.8795888957150835
1.239693082469828  1.877655106666702
1.2448685116400324  1.8756883050111641
1.2500633338545033  1.8736909189251545
1.2552751729807134  1.8716653765853604
1.260501652886133  1.8696141061684683
1.265740397438233  1.867539535851164
1.2709890305044842  1.865444093810133
1.2762451759523585  1.8633302082220635
1.281506457649326  1.8612003072636398
1.286770499462858  1.8590568191115486
1.292034925260425  1.8569021719424765
1.2972973589094983  1.8547387939331093
1.3025554242775494  1.8525691132601334
1.307806745232049  1.8503955581002351
1.3130489456404675  1.8482205566301004
1.3182796493702764  1.8460465370264152
1.3234964802889466  1.8438759274658665
1.3286970622639491  1.8417111561251398
1.3338790191627552  1.8395546511809218
1.339039974852835  1.8374088408098983
1.3441775532016607  1.8352761531887558
1.349289378076702  1.8331590164941804
1.3543730733454304  1.8310598589028584
1.3594262628753173  1.8289811085914753
1.3644465705338331  1.8269251937367186
1.3694316201884495  1.8248945425152734
1.3743790357066366  1.8228915831038264
1.379286440955866  1.820918743679064
1.3841514598036082  1.8189784524176718
1.388971716117335  1.8170731374963363
1.3937448337645164  1.8152052270917438
1.398468436612624  1.8133771493805804
1.4031401485291286  1.8115913325395325
1.407757593381501  1.809850204745286
1.4123183950372127  1.8081561941745274
1.416820177363734  1.806511729003942
1.4212605642285365  1.8049192374102176
1.4256371794990907  1.8033811475700394
1.429947647042868  1.8018998876600936
1.434189590727339  1.8004778858570665
1.438360634419975  1.7991175703376443
1.442458401988247  1.7978213692785134
1.4464805172996253  1.7965917108563598
1.4504246042215818  1.79543102324787
1.454288286621587  1.79434173462973
1.4580691883671122  1.7933262731786257
1.4617649333256277  1.7923870670712436
1.4653731453646053  1.7915265444842698
1.4688914483515154  1.7907471335943907
1.4723174661538292  1.7900512625782925
1.4756488226390179  1.789441359612661
1.478883141674552  1.788919852874183
1.4820180471279027  1.788489170539544
1.4850511628665415  1.788151740785431
1.4879801127579384  1.78790999178853
1.4908025206695652  1.7877663517255264
1.4935160104688925  1.7877232487731076
1.4935160104688925  1.7877232487731076
1.4964622344074416  1.7878173898474856
1.4995205220068129  1.788079829548853
1.5026882979985776  1.78850659750751
1.5059629871143037  1.7890937233537563
1.5093420140855627  1.789837236717891
1.5128228036439246  1.7907331672302145
1.5164027805209581  1.7917775445210253
1.5200793694482344  1.7929663982206245
1.5238499951573223  1.7942957579593106
1.5277120823797938  1.7957616533673837
1.5316630558472166  1.7973601140751432
1.5357003402911622  1.7990871697128894
1.5398213604431998  1.8009388499109213
1.5440235410348995  1.8029111842995384
1.5483043067978317  1.8050002025090415
1.5526610824635652  1.8072019341697283
1.5570912927636718  1.8095124089119001
1.5615923624297197  1.8119276563658553
1.56616171619328  1.8144437061618959
1.5707967787859227  1.8170565879303193
1.5754949749392169  1.819762331301425
1.5802537293847332  1.8225569659055139
1.5850704668540412  1.825436521372885
1.5899426120787115  1.828397027333838
1.594867589790313  1.8314345134186722
1.5998428247204177  1.8345450092576892
1.6048657416005934  1.8377245444811858
1.6099337651624104  1.8409691487194635
1.6150443201374396  1.844274851602821
1.6201948312572507  1.8476376827615593
1.6253827232534133  1.8510536718259758
1.6306054208574976  1.8545188484263717
1.6358603488010734  1.8580292421930473
1.6411449318157116  1.8615808827563012
1.6464565946329806  1.8651697997464325
1.6517927619844515  1.8687920227937413
1.657150858601694  1.8724435815285285
1.6625283092162775  1.8761205055810923
1.6679225385597725  1.8798188245817322
1.6733309713637496  1.8835345681607494
1.6787510323597783  1.8872637659484421
1.6841801462794272  1.89100244757511
1.6896157378542684  1.8947466426710535
1.6950552318158711  1.8984923808665723
1.7004960528958042  1.902235691791965
1.7059356258256393  1.9059726050775319
1.7113713753369455  1.9096991503535734
1.716800726161293  1.9134113572503877
1.722221103030251  1.917105255398275
1.7276299306753913  1.9207768744275355
1.7330246338282822  1.9244222439684686
1.7384026372204942  1.9280373936513735
1.743761365583597  1.9316183531065498
1.7490982436491613  1.9351611519642977
1.7544106961487564  1.9386618198549168
1.7596961478139526  1.9421163864087065
1.7649520233763196  1.9455208812559666
1.7701757475674278  1.948871334026996
1.7753647451188468  1.9521637743520954
1.7805164407621465  1.9553942318615638
1.7856282592288972  1.9585587361857015
1.7906976252506686  1.9616533169548074
1.7957219635590311  1.9646740037991814
1.8006986988855542  1.9676168263491234
1.8056252559618078  1.970477814234933
1.8104990595193624  1.9732529970869095
1.8153175342897878  1.975938404535353
1.8200781050046535  1.9785300662105625
1.8247781963955303  1.9810240117428384
1.8294152331939872  1.9834162707624796
1.8339866401315947  1.9857028728997863
1.838489841939923  1.9878798477850577
1.842922263350542  1.9899432250485942
1.8472813290950212  1.991889034320695
1.8515644639049307  1.9937133052316596
1.8557690925118409  1.9954120674117877
1.8598926396473214  1.996981350491379
1.8639325300429421  1.998417184100733
1.8678861884302735  1.9997155978701495
1.8717510395408854  2.000872621429928
1.8755245081063467  2.0018842844103686
1.8792040188582289  2.0027466164417707
1.8827869965281012  2.003455647154434
1.8862708658475338  2.004007406178658
1.8896530515480965  2.004397923144742
1.8929309783613593  2.004623227682986
1.8961020710188923  2.00467934942369
1.8991637542522652  2.004562317997153
1.9021134527930483  2.004268163033675
1.9049485913728113  2.0037929141635558
1.9076665947231246  2.0031326010170947
1.9102648875755575  2.0022832532245913
1.9127408946616804  2.0012409004163456
1.9150920407130636  2.0000015722226574
1.9173157504612761  1.9985612982738254
1.9194094486378888  1.9969161082001505
1.9213705599744715  1.9950620316319314
1.9231965092025938  1.9929950981994682
1.9248847210538258  1.9907113375330603
1.9248847210538258  1.9907113375330603
1.9254953157527792  1.9897199997689303
1.9259947467321803  1.9887184860182958
1.9263850643475282  1.987706985858169
1.9266683189543188  1.9866856888655593
1.9268465609080514  1.9856547846174786
1.9269218405642219  1.9846144626909363
1.926896208278328  1.9835649126629435
1.926771714405868  1.9825063241105112
1.926550409302338  1.9814388866106492
1.9262343433232376  1.98036278974037
1.9258255668240623  1.9792782230766819
1.925326130160311  1.9781853761965977
1.9247380836874803  1.9770844386771267
1.9240634777610672  1.9759756000952795
1.9233043627365711  1.9748590500280678
1.9224627889694874  1.973734978052501
1.9215408068153148  1.9726035737455911
1.9205404666295498  1.9714650266843474
1.9194638187676918  1.9703195264457822
1.9183129135852368  1.9691672626069052
1.9170898014376816  1.968008424744726
1.9157965326805253  1.9668432024362572
1.9144351576692642  1.965671785258508
1.9130077267593968  1.96449436278849
1.9115162903064196  1.9633111246032133
1.9099628986658315  1.96212226027969
1.908349602193128  1.9609279593949287
1.9066784512438077  1.9597284115259404
1.904951496173368  1.9585238062497368
1.903170787337307  1.9573143331433285
1.9013383750911206  1.956100181783725
1.8994563097903077  1.9548815417479373
1.8975266417903656  1.9536586026129774
1.895551421446792  1.9524315539558552
1.893532699115083  1.9512005853535803
1.8914725251507367  1.9499658863831648
1.889372949909252  1.9487276466216188
1.8872360237461243  1.9474860556459526
1.885063797016852  1.9462413030331769
1.8828583200769333  1.9449935783603034
1.8806216432818652  1.9437430712043424
1.8783558169871437  1.942489971142303
1.8760628915482687  1.941234467751198
1.8737449173207368  1.9399767506080372
1.8714039446600441  1.9387170092898307
1.8690420239216894  1.9374554333735894
1.8666612054611706  1.936192212436325
1.8642635396339848  1.9349275360550473
1.8618510767956287  1.9336615938067663
1.8594258673016009  1.9323945752684943
1.8569899615073981  1.9311266700172411
1.8545454097685181  1.929858067630017
1.8520942624404582  1.928588957683833
1.8496385698787157  1.9273195297556995
1.8471803824387891  1.9260499734226282
1.8447217504761748  1.9247804782616285
1.8422647243463708  1.9235112338497118
1.839811354404874  1.922242429763888
1.8373636910071829  1.9209742555811689
1.8349237845087942  1.9197069008785643
1.8324936852652056  1.918440555233085
1.8300754436319144  1.917175408221742
1.8276711099644185  1.9159116494215458
1.825282734618215  1.914649468409507
1.822912367948802  1.9133890547626362
1.820562060311676  1.912130598057944
1.818233862062335  1.9108742878724414
1.8159298235562769  1.909620313783139
1.8136519951489987  1.9083688653670468
1.8114024271959979  1.9071201322011766
1.8091831700527718  1.905874303862538
1.8069962740748182  1.9046315699281422
1.8048437896176348  1.903392119975
1.802727767036719  1.9021561435801217
1.8006502566875673  1.9009238303205183
1.7986133089256786  1.8996953697732
1.7966189741065497  1.8984709515151779
1.7946693025856777  1.8972507651234625
1.7927663447185611  1.8960350001750643
1.7909121508606964  1.8948238462469944
1.7891087713675815  1.8936174929162628
1.7873582565947141  1.892416129759881
1.7856626568975917  1.891219946354859
1.7840240226317112  1.8900291322782077
1.7824444041525704  1.8888438771069378
1.780925851815667  1.8876643704180598
1.7794704159764982  1.8864908017885846
1.7780801469905616  1.8853233607955227
1.7767570952133547  1.8841622370158846
1.7755033110003748  1.8830076200266812
1.77432084470712  1.8818596994049235
1.7732117466890869  1.8807186647276213
1.7721780673017733  1.8795847055717858
1.7712218569006772  1.878458011514428
1.7703451658412952  1.877338772132558
1.769550044479126  1.8762271770031869
1.7688385431696656  1.8751234157033245
1.7682127122684128  1.8740276778099825
1.7676746021308642  1.872940152900171
1.7676746021308642  1.872940152900171
1.7657142866171138  1.8682685637219216
1.7639519699339854  1.86330532331018
1.7623829853742732  1.858057175862498
1.7610026662307696  1.8525308655764257
1.759806345796269  1.8467331366495146
1.7587893573635642  1.840670733279315
1.7579470342254482  1.834350399663378
1.7572747096747154  1.8277788799992554
1.7567677170041578  1.8209629184844964
1.75642138950657  1.8139092593166533
1.7562310604747442  1.8066246466932756
1.7561920632014751  1.7991158248119161
1.756299730979555  1.7913895378701243
1.756549397101777  1.783452530065451
1.7569363948609353  1.7753115455954478
1.7574560575498221  1.7669733286576645
1.7581037184612325  1.7584446234496534
1.758874710887958  1.7497321741689635
1.759764368122794  1.7408427250131486
1.7607680234585321  1.7317830201797575
1.7618810101879656  1.7225598038663406
1.763098661603889  1.7131798202704502
1.7644163109990945  1.7036498135896356
1.7658292916663765  1.69397652802145
1.7673329368985276  1.684166707763442
1.7689225799883423  1.674227097013164
1.7705935542286122  1.6641644399681663
1.7723411929121315  1.6539854808259993
1.7741608293316935  1.6436969637842145
1.7760477967800918  1.633305633040363
1.777997428550119  1.6228182327919947
1.7800050579345688  1.6122415072366614
1.7820660182262356  1.601582200571914
1.7841756427179118  1.590847056995303
1.7863292647023898  1.5800428207043788
1.7885222174724646  1.5691762358966934
1.7907498343209292  1.558254046769797
1.7930074485405756  1.5472829975212403
1.7952903934241982  1.5362698323485742
1.7975940022645909  1.5252212954493507
1.7999136083545466  1.5141441310211194
1.8022445449868576  1.5030450832614313
1.804582145454319  1.4919308963678382
1.806921743049723  1.4808083145378903
1.8092586710658625  1.4696840819691377
1.811588262795532  1.4585649428591323
1.8139058515315245  1.4474576414054254
1.8162067705666332  1.4363689218055673
1.8184863531936508  1.4253055282571083
1.8207399327053722  1.4142742049576005
1.8229628423945896  1.4032816961045937
1.8251504155540963  1.3923347458956392
1.8272979854766858  1.381440098528288
1.829400885455152  1.370604498200091
1.8314544487822877  1.3598346891085988
1.8334540087508864  1.3491374154513622
1.8353948986537407  1.3385194214259326
1.8372724517836454  1.3279874512298604
1.8390820014333928  1.3175482490606967
1.8408188808957768  1.3072085591159925
1.8424784234635898  1.2969751255932982
1.8440559624296264  1.2868546926901654
1.8455468310866792  1.2768540046041443
1.8469463627275415  1.266979805532786
1.8482498906450067  1.2572388396736418
1.8494527481318683  1.2476378512242619
1.8505502684809203  1.2381835843821978
1.8515377849849544  1.2288827833449998
1.8524106309367654  1.2197421923102192
1.853164139629146  1.2107685554754066
1.85379364435489  1.2019686170381132
1.8542944784067896  1.1933491211958895
1.8546619750776399  1.184916812146287
1.854891467660233  1.1766784340868561
1.854978289447362  1.1686407312151472
1.8549177737318217  1.1608104477287122
1.8547052538064037  1.1531943278251016
1.8543360629639025  1.1457991157018657
1.853805534497111  1.1386315555565563
1.8531090016988228  1.1316983915867236
1.8522417978618309  1.1250063679899185
1.851199256278929  1.1185622289636927
1.84997671024291  1.112372718705596
1.848569493046568  1.10644458141318
1.8469729379826956  1.1007845612839953
1.8451823783440862  1.0953994025155929
1.8431931474235337  1.0902958493055235
1.8410005785138308  1.0854806458513382
1.838600004907771  1.0809605363505876
1.835986759898148  1.076742265000823
1.8331561767777549  1.0728325759995947
1.830103588839385  1.069238213544454
1.8268243293758315  1.0659659218329518
1.8233137316798884  1.0630224450626387
1.8195671290443483  1.060414527431066
1.8155798547620048  1.0581489131357842
1.8113472421256511  1.0562323463743444
1.806864624428081  1.0546715713442971
1.8021273349620874  1.0534733322431937
1.8021273349620874  1.0534733322431937
1.7991523407262793  1.052978836197013
1.79620636929789  1.0527390641360013
1.7932889863959751  1.0527493346611287
1.790399757739586  1.0530049663733645
1.7875382490477774  1.0535012778736792
1.7847040260396019  1.0542335877630427
1.781896654434112  1.0551972146424238
1.7791156999503623  1.0563874771127928
1.7763607283074045  1.0577996937751195
1.7736313052242938  1.0594291832303744
1.7709269964200816  1.061271264079526
1.7682473676138224  1.0633212549235458
1.765591984524569  1.0655744743634021
1.7629604128713738  1.068026241000065
1.7603522183732911  1.0706718734345049
1.7577669667493736  1.0735066902676913
1.7552042237186756  1.076526010100594
1.7526635550002487  1.0797251515341824
1.7501445263131477  1.0830994331694275
1.7476467033764247  1.086644173607298
1.7451696519091329  1.0903546914487634
1.7427129376303265  1.0942263052947951
1.7402761262590574  1.098254333746361
1.7378587835143806  1.1024340954044325
1.7354604751153475  1.1067609088699786
1.733080766781013  1.1112300927439698
1.73071922423043  1.1158369656273748
1.7283754131826499  1.120576846121164
1.7260488993567276  1.1254450528263074
1.723739248471717  1.130436904343775
1.721446026246669  1.1355477192745356
1.719168798400639  1.1407728162195598
1.7169071306526795  1.1461075137798176
1.714660588721844  1.1515471305562786
1.7124287383271846  1.1570869851499117
1.7102111451877557  1.1627223961616877
1.7080073750226108  1.168448682192577
1.7058169935508019  1.174261161843548
1.7036395664913826  1.1801551537155708
1.7014746595634074  1.1861259764096161
1.699321838485928  1.1921689485266533
1.6971806689779978  1.1982793886676515
1.6950507167586712  1.2044526154335813
1.6929315475470006  1.2106839474254123
1.6908227270620388  1.2169687032441143
1.6887238210228395  1.223302201490657
1.6866343951484564  1.2296797607660106
1.6845540151579423  1.2360966996711444
1.6824822467703502  1.242548336807028
1.6804186557047338  1.2490299907746323
1.6783628076801462  1.2555369801749265
1.6763142684156402  1.26206462360888
1.6742726036302695  1.2686082396774632
1.6722373790430876  1.2751631469816456
1.6702081603731471  1.2817246641223972
1.6681845133395017  1.2882881097006877
1.6661660036612043  1.2948488023174867
1.664152197057308  1.3014020605737642
1.6621426592468667  1.3079432030704905
1.6601369559489332  1.3144675484086346
1.6581346528825607  1.3209704151891666
1.6561353157668024  1.3274471220130566
1.654138510320712  1.3338929874812742
1.6521438022633426  1.3403033301947889
1.6501507573137468  1.3466734687545712
1.6481589411909783  1.3529987217615902
1.6461679196140904  1.359274407816816
1.6441772583021363  1.3654958455212187
1.6421865229741692  1.3716583534757678
1.6401952793492427  1.3777572502814333
1.638203093146409  1.3837878545391844
1.6362095300847221  1.3897454848499917
1.6342141558832357  1.3956254598148246
1.632216536261002  1.4014230980346531
1.630216236937075  1.4071337181104469
1.6282128236305073  1.4127526386431757
1.626205862060353  1.4182751782338094
1.624194917945664  1.423696655483318
1.6221795570054953  1.4290123889926711
1.620159344958899  1.4342176973628389
1.618133847524928  1.4393078991947903
1.6161026304226365  1.444278313089496
1.6140652593710771  1.4491242576479255
1.6120213000893036  1.4538410514710487
1.6099703182963685  1.458424013159835
1.6079118797113257  1.4628684613152547
1.605845550053228  1.4671697145382776
1.6037708950411291  1.4713230914298734
1.6016874803940815  1.4753239105910114
1.5995948718311392  1.4791674906226624
1.5974926350713552  1.4828491501257952
1.5953803358337821  1.4863642077013806
1.593257539837474  1.4897079819503873
1.591123812801484  1.4928757914737862
1.5889787204448649  1.4958629548725466
1.5868218284866704  1.498664790747638
1.5846527026459534  1.501276617700031
1.5824709086417674  1.5036937543306947
1.5802760121931654  1.5059115192405992
1.5802760121931654  1.5059115192405992
1.577678817494319  1.5083168594805179
1.5749034958911896  1.5107131235912181
1.5719538830053734  1.513100625667259
1.5688338144584641  1.515479679803198
1.565547125872058  1.5178506000935943
1.5620976528677495  1.5202137006330052
1.5584892310671337  1.5225692955159895
1.5547256960918057  1.5249176988371054
1.5508108835633596  1.5272592246909105
1.5467486291033925  1.5295941871719645
1.5425427683334976  1.531922900374824
1.5381971368752714  1.5342456783940488
1.5337155703503076  1.5365628353241962
1.5291019043802014  1.538874685259824
1.5243599745865493  1.5411815422954918
1.519493616590944  1.543483720525756
1.514506666014983  1.5457815340451775
1.5094029584802593  1.5480752969483116
1.50418632960837  1.550365323329719
1.498860615020909  1.5526519272839567
1.49342965033947  1.554935422905583
1.4878972711856504  1.5572161242891567
1.4822673131810435  1.559494345529235
1.476543611947246  1.5617704007203774
1.470730003105851  1.5640446039571412
1.4648303222784556  1.5663172693340859
1.458848405086653  1.5685887109457681
1.452788087152039  1.570859242886747
1.4466532040962092  1.5731291792515807
1.4404475915407582  1.5753988341348282
1.4341750851072803  1.5776685216310455
1.4278395204173715  1.5799385558347931
1.4214447330926268  1.5822092508406287
1.4149945587546413  1.5844809207431105
1.408492833025009  1.5867538796367961
1.4019433915253259  1.5890284416162443
1.3953500698771872  1.591304920776014
1.3887167037021875  1.593583631210662
1.3820471286219214  1.595864887014747
1.375345180257985  1.5981490022828286
1.3686146942319732  1.6004362911094638
1.3618595061654797  1.6027270675892102
1.3550834516801014  1.6050216458166278
1.348290366397432  1.6073203398862739
1.3414840859390667  1.6096234638927065
1.3346684459266012  1.6119313319304842
1.32784728198163  1.6142442580941654
1.3210244297257487  1.616562556478308
1.3142037247805518  1.6188865411774704
1.3073890027676345  1.6212165262862115
1.300584099308592  1.6235528258990883
1.2937928500250189  1.62589575411066
1.2870190905385108  1.628245625015484
1.2802666564706624  1.6306027527081195
1.273539383443069  1.6329674512831245
1.2668411070773253  1.6353400348350569
1.2601756629950267  1.637720817458475
1.2535468868177677  1.6401101132479372
1.246958614167144  1.642508236298002
1.2404146806647505  1.6449155007032272
1.233918921932182  1.647332220558171
1.2274751735910336  1.6497587099573925
1.2210872712629002  1.652195282995449
1.2147590505693775  1.654642253766899
1.2084943471320597  1.6570999363663013
1.2022969965725423  1.6595686448882132
1.1961708345124205  1.6620486934271934
1.1901196965732885  1.6645403960778007
1.1841474183767429  1.6670440669345927
1.1782578355443771  1.6695600200921277
1.1724547836977872  1.672088569644964
1.1667420984585677  1.6746300296876602
1.161123615448314  1.677184714314774
1.155603170288621  1.6797529376208642
1.1501845986010835  1.6823350137004884
1.1448717360072969  1.6849312566482055
1.139668418128856  1.6875419805585734
1.134578480587356  1.6901674995261502
1.129605759004392  1.6928081276454947
1.1247540890015593  1.6954641790111646
1.120027306200452  1.6981359677177184
1.115429246222666  1.7008238078597144
1.110963744689796  1.7035280135317108
1.1066346372234372  1.7062488988282658
1.1024457594451846  1.7089867778439376
1.0984009469766332  1.7117419646732848
1.094504035439378  1.7145147734108652
1.0907588604550142  1.717305518151237
1.0871692576451366  1.720114512988959
1.0837390626313406  1.722942072018589
1.080472111035221  1.7257885093346856
1.0773722384783728  1.7286541390318069
1.0744432805823911  1.7315392752045107
1.0716890729688708  1.7344442319473559
1.0691134512594074  1.7373693233549004
1.0667202510755958  1.7403148635217027
1.0645133080390305  1.7432811665423207
1.0624964577713072  1.746268546511313
1.0606735358940207  1.7492773175232377
